-8.452726364135742
-4.506916522979736
-8.780210494995117
-9.828201293945312
-6.429738521575928
-1.5780220031738281
-0.5851421356201172
-2.1236281394958496
-9.43535041809082
-2.638993740081787
-1.9261655807495117
-1.0255413055419922
-0.07117938995361328
-7.4953932762146
-0.5747013092041016
-3.370861053466797
-2.40347957611084
-8.995423316955566
-7.733497142791748
-3.0095930099487305
-0.6744012832641602
-0.5851421356201172
-2.1236281394958496
-7.320215225219727
-2.638993740081787
-8.452726364135742
-0.5851421356201172
-8.780210494995117
-7.320215225219727
-6.429738521575928
-3.370861053466797
-2.40347957611084
-8.995423316955566
-3.950443744659424
-3.5163445472717285
-7.972639083862305
-2.4851627349853516
-9.003443717956543
-4.787801742553711
-8.109293937683105
-9.172353744506836
-2.8939285278320312
-7.058086395263672
-5.325324058532715
-0.672271728515625
-9.172353744506836
-2.8939285278320312
-5.268814563751221
-5.325324058532715
-0.672271728515625
